1 0.31205 0.40558 0.0540664 0.175408
1 0.361641 0.610846 0.0572689 0.181591
1 0.650411 0.597517 0.0618131 0.178062
1 0.313311 0.587284 0.0672784 0.181178
1 0.404184 0.615779 0.0362104 0.178157
1 0.705556 0.395337 0.0526974 0.167159
1 0.582176 0.623815 0.032936 0.192279
1 0.696242 0.576189 0.0661727 0.167777
1 0.524194 0.446323 0.0335699 0.166646
1 0.458329 0.629342 0.0302478 0.189386
1 0.356996 0.425389 0.0538709 0.154591
1 0.611554 0.608709 0.0395178 0.178132
1 0.470718 0.451687 0.028732 0.160946
1 0.54879 0.448314 0.0298803 0.156042
1 0.432864 0.626011 0.0347279 0.189625
1 0.495845 0.454081 0.0343901 0.164236
1 0.556561 0.628627 0.0299271 0.192473
1 0.480724 0.624545 0.0240309 0.178748
1 0.498783 0.614959 0.0229155 0.150793
1 0.535144 0.608396 0.0235788 0.145984
1 0.516321 0.61224 0.0228201 0.152402
1 0.59861 0.431875 0.0392174 0.148278
1 0.572474 0.437261 0.0316828 0.169569
1 0.627307 0.419472 0.035302 0.150018
1 0.394832 0.4352 0.0429647 0.149753
1 0.44615 0.443041 0.0324711 0.165454
1 0.663909 0.423741 0.0528202 0.13836
1 0.421445 0.439479 0.0389567 0.149984
1 0.451004 0.444523 0.0239049 0.163885
