1 0.671006 0.379183 0.0382714 0.172328
1 0.554693 0.595156 0.0259195 0.201751
1 0.535389 0.594008 0.0219078 0.189765
1 0.493428 0.397805 0.0308908 0.180287
1 0.575 0.589934 0.0286652 0.18919
1 0.450298 0.397831 0.0283134 0.179223
1 0.520374 0.594974 0.0188368 0.169019
1 0.562878 0.405798 0.0294061 0.159091
1 0.470708 0.398572 0.0250235 0.174082
1 0.506039 0.603032 0.0187253 0.166191
1 0.339792 0.397752 0.0388391 0.170847
1 0.635915 0.383784 0.0444751 0.17585
1 0.585886 0.393061 0.0275692 0.19613
1 0.52044 0.400193 0.0279783 0.168316
1 0.541363 0.402296 0.0271627 0.166945
1 0.490555 0.606011 0.0236019 0.189835
1 0.630985 0.563985 0.0501943 0.183443
1 0.473348 0.606852 0.0263664 0.195283
1 0.453377 0.606171 0.0267669 0.174272
1 0.430938 0.410261 0.0315835 0.165965
