1 0.264946 0.455984 0.058076 0.181482
1 0.719286 0.482495 0.0585974 0.174639
1 0.310397 0.626828 0.060022 0.172054
1 0.314852 0.467856 0.0487284 0.158983
1 0.35035 0.467737 0.0338211 0.155272
1 0.58134 0.639486 0.0369757 0.185091
1 0.354115 0.636764 0.0574239 0.180407
1 0.652038 0.648119 0.061755 0.184342
1 0.444833 0.627735 0.0298762 0.189572
1 0.412871 0.4536 0.047098 0.154593
1 0.703768 0.640854 0.071767 0.174987
1 0.442666 0.446843 0.0389585 0.163286
1 0.420563 0.629899 0.0292212 0.183603
1 0.391858 0.636286 0.0358726 0.187045
1 0.609865 0.651632 0.0358423 0.189606
1 0.572667 0.459893 0.0493871 0.171936
1 0.38279 0.463764 0.0414879 0.139042
1 0.466542 0.619495 0.0251736 0.177603
1 0.550851 0.633433 0.0351991 0.189561
1 0.52678 0.625903 0.0248937 0.173851
1 0.601978 0.4897 0.0441906 0.13357
1 0.507498 0.617045 0.0225859 0.162799
1 0.486444 0.612653 0.0262317 0.153049
1 0.753412 0.618332 0.0666521 0.152169
1 0.542292 0.446572 0.0387198 0.170346
1 0.766088 0.493221 0.053429 0.129306
1 0.510735 0.460284 0.0386618 0.14434
1 0.633653 0.495191 0.0386812 0.131811
