1 0.387002 0.411185 0.0505879 0.168459
1 0.29957 0.549824 0.0637202 0.149788
1 0.6928 0.402114 0.042375 0.167293
1 0.338867 0.586792 0.0652905 0.179947
1 0.315527 0.390809 0.0372338 0.148081
1 0.349346 0.402249 0.0437767 0.159596
1 0.669027 0.58617 0.0648073 0.178651
1 0.513955 0.440157 0.0284838 0.16693
1 0.387226 0.60277 0.0500536 0.172819
1 0.535223 0.434782 0.0267488 0.162389
1 0.522651 0.612925 0.0203486 0.144833
1 0.440908 0.615955 0.0315187 0.169112
1 0.507504 0.610134 0.0184147 0.144241
1 0.657762 0.399675 0.0434677 0.166806
1 0.460947 0.613094 0.0245523 0.173324
1 0.493151 0.614923 0.0192511 0.152973
1 0.477966 0.611477 0.0208601 0.164052
1 0.558581 0.413297 0.0354847 0.163342
1 0.541582 0.619026 0.026001 0.179495
1 0.560919 0.614577 0.0301479 0.179862
1 0.450991 0.428034 0.0301628 0.161598
1 0.471361 0.431834 0.0254785 0.15392
1 0.490849 0.441694 0.0269176 0.160873
1 0.620324 0.413618 0.0476962 0.159353
1 0.619046 0.592325 0.0598077 0.173565
1 0.583772 0.409014 0.0289635 0.159133
1 0.582864 0.603803 0.0366238 0.169806
1 0.415895 0.434811 0.0281589 0.133052
1 0.433893 0.431647 0.0269074 0.146207
